Full Sim Matrix
[[1.0, -0.06510944377728867, -0.47614524008603, 0.286201365924701, 0.1282879555586133, 0.049227401240475255, -0.17064637987266096, 0.34967670073097473, -0.15715339887579452, 0.419888480743623],
 [-0.06510944377728867, 1.0, -0.10752143881469861, 0.11130898683341683, 0.43731141065770185, 0.20701989133648727, 0.09566041965946888, 0.14723878510843805, 0.29433532776576815, -0.025460608162685916],
 [-0.47614524008603, -0.10752143881469861, 1.0, 0.07381635212865488, -0.229609714006758, -0.23960818817227603, 0.15633952624114159, -0.1878743467572432, 0.16432557521587282, -0.34347639051730433],
 [0.286201365924701, 0.11130898683341683, 0.07381635212865488, 1.0, 0.15133908897045467, -0.040238944684985255, -0.13271173677401843, 0.33803617686056836, 0.12458437786354808, 0.23318445175750602],
 [0.1282879555586133, 0.43731141065770185, -0.229609714006758, 0.15133908897045467, 1.0, -0.050284160976156234, 0.05069531041431413, 0.4427649001122191, 0.023282975021123267, 0.25008783804805673],
 [0.049227401240475255, 0.20701989133648727, -0.23960818817227603, -0.040238944684985255, -0.050284160976156234, 1.0, 0.059979436416214914, 0.20943974007980526, -0.03173007683719296, 0.074848118856512],
 [-0.17064637987266096, 0.09566041965946888, 0.15633952624114159, -0.13271173677401843, 0.05069531041431413, 0.059979436416214914, 1.0, 0.06283160586824772, 0.06878105869184885, 0.07289414469441359],
 [0.34967670073097473, 0.14723878510843805, -0.1878743467572432, 0.33803617686056836, 0.4427649001122191, 0.20943974007980526, 0.06283160586824772, 1.0, 0.16593665938884242, 0.1861120420179111],
 [-0.15715339887579452, 0.29433532776576815, 0.16432557521587282, 0.12458437786354808, 0.023282975021123267, -0.03173007683719296, 0.06878105869184885, 0.16593665938884242, 1.0, -0.2135651069414608],
 [0.419888480743623, -0.025460608162685916, -0.34347639051730433, 0.23318445175750602, 0.25008783804805673, 0.074848118856512, 0.07289414469441359, 0.1861120420179111, -0.2135651069414608, 1.0]]

Sim Matrix for just Calc 2 and Calc 3
[[1.0, -0.01594912489811881, -0.49550063964008184, 0.30193155535448557, 0.2743890835242543, 0.2782247322294236, -0.0265832166132495, 0.302538713938059, -0.26240293008063853, 0.6298327211154345],
 [-0.01594912489811881, 1.0, -0.15715330950248182, 0.01750008452277045, 0.25308050377371205, 0.3614720195339099, -0.009276773134741378, 0.1438420135091252, 0.14009703512032895, -0.038190912244028874],
 [-0.49550063964008184, -0.15715330950248182, 1.0, 0.12172749939637392, -0.3147554710623728, -0.4057961479321209, 0.04879500364742665, -0.4252975309317527, 0.14648836282380917, -0.5152145857759565],
 [0.30193155535448557, 0.01750008452277045, 0.12172749939637392, 1.0, 0.19502748763659333, 0.07539743296292331, 0.05400073251697762, 0.3018138474568839, 0.17587359559193055, 0.349776677636259],
 [0.2743890835242543, 0.25308050377371205, -0.3147554710623728, 0.19502748763659333, 1.0, 0.013169077329687084, 0.046383865673706955, 0.5705226995917018, -0.20828015703998218, 0.37513175707208507],
 [0.2782247322294236, 0.3614720195339099, -0.4057961479321209, 0.07539743296292331, 0.013169077329687084, 1.0, 0.025031742681132604, 0.46057919883758347, 0.0544493892263658, 0.11227217828476801],
 [-0.0265832166132495, -0.009276773134741378, 0.04879500364742665, 0.05400073251697762, 0.046383865673706955, 0.025031742681132604, 1.0, 0.2377334195982595, -0.05397126910508385, 0.10934121704162039],
 [0.302538713938059, 0.1438420135091252, -0.4252975309317527, 0.3018138474568839, 0.5705226995917018, 0.46057919883758347, 0.2377334195982595, 1.0, 0.08492097674510608, 0.27916806302686664],
 [-0.26240293008063853, 0.14009703512032895, 0.14648836282380917, 0.17587359559193055, -0.20828015703998218, 0.0544493892263658, -0.05397126910508385, 0.08492097674510608, 1.0, -0.3203476604121912],
 [0.6298327211154345, -0.038190912244028874, -0.5152145857759565, 0.349776677636259, 0.37513175707208507, 0.11227217828476801, 0.10934121704162039, 0.27916806302686664, -0.3203476604121912, 1.0]]
